1111110374
4916028368
7420632947
7464954420
5269236051
4575463173
5974167034
5854345762
4045515061
5705400962
6139534808
9362317726
3718874902
1654579625
8510452784
9471015826
6923360024
1019957521
9071804506
3100280866
2453503232
4608139985
9562772123
4054169939
9666124978
6606015011
3230728163
6027796816
8931464381
0088700529
9836126380
8379920916
3396610621
0135551274
9691532072
3892600746
7425361914
5001256071
4128765421
0148529260
6634770984
6660071125
3246529635
3554735501
0045129791
1675301313
6557602991
1547163583
1838624850
4640758602
2792244196
5930293378
4161864767
4131690475
2169401957
2745381306
2826074422
0966519441
2959121607
8274145673
5740607995
9063874485
1189738630
4928454228
0481959328
1066780138
7059252777
6443102607
4934152926
5000414243
6781858850
3794766802
4422296897
6556799536
0474854602
1605979852
9107303552
4696014902
9058865761
4155894196
4280484395
7019006388
6072713073
4092491600
0582725771
9792860676
2115642209
4668735736
2239565845
5055459418
8912932747
1989673629
8478391466
0149490364
9617844592
9447213140
0267432092
2905524580
2782759413
9944229534
0549142897
5628451702
8833815666
3369499433
8940035409
7103321517
6629379573
5270628156
7175515617
0085615852
5488270175
5967122158
8138767468
8593361039
6598431166
5220691570
6856859304
7673893044
0735248070
7120599551
6522985635
8135983679
5525335660
3786502660
3724016506
0537902309
0468300868
2821144488
0617387169
4838909996
3550235406
3981936721
1220135467
6320409004
4055729286
4557221833
8386811873
8640561667
1834574701
8003812797
1438688498
2491767265
2351285747
3929287634
7387242772
9335675173
3623512810
6858565521
1727567936
9852150095
4472069714
2959406072
8334172034
4980861700
9474293730
4069360694
6048001628
2285463278
2054674434
4015292936
4033192774
6464423654
9385090035
0354585577
9269180173
2974208494
9605740873
1956957101
5580924075
4306209523
7681962867
9215650255
5340657388
2061869459
7187405984
6764322736
6862190082
4959701294
0873570019
5207121243
5304359274
5738700359
1020376730
4078363290
3927110959
4475960223
9213798133
9110648519
5479856565
7888703600
5598037246
5170995140
9621498218
5024570436
4130363900
6633869492
6966614165
7387552675
4201152284
1999653913
5498668085
7889371831
9868415463
5217813629
3185480184
4868217664
0257478340
7599296069
0803034319
2616506446
2401953593
1580996999
0352318024
6121430005
7106128684
5647394375
2235675680
7990609942
3470716878
8007978972
9456146409
4284319946
9616660945
2629542047
6384235854
2987206157
7024922856
5691350080
5235471076
0636323089
5170566868
9277142402
2390196553
2723906067
0637796497
8383356734
5514749091
5510167484
6487982355
2109524579
6942001434
5596905453
7553845829
3411577304
1928981868
2038574701
8995561383
4570704988
1317101115
5573358369
9522411581
9941687004
9907379399
5153710303
6734245858
4593507648
6466300340
9815691852
3788710766
2232899848
6865249678
0417952335
3645373393
2604019723
4966502219
7101100782
1842067057
1122149367
3659598994
4632355004
6994901821
2198656500
4296772649
5342993495
8744451228
4370620761
7824654789
6199025153
4978536275
8354329100
5456027999
9055095304
8273110481
0503697457
4166017205
1869756155
4875642280
4429775918
5266549064
4510357116
0919677895
5382638659
9456693497
4250485498
8470068949
6142577206
6323673279
7761455677
4441757904
7841637615
6382719758
0743339405
8318119104
9684192016
8246010617
5941167214
0796442103
7769014707
8123136702
9291241659
6355989384
4568612481
0459589771
9935489155
8796680849
7078573098
2932263334
4045869112
1184515071
8208239837
6880605409
9242425918
4510957913
8907315467
0108603167
3051053396
1647967080
6075565585
1749821237
1629230862
3055459994
9284089539
6916956405
5929515098
2505691781
9345632745
3591242629
6437858547
5281639917
5148219427
2633952163
3439388354
6898309952
5311008248
3247187173
6984399978
2308186597
9769086733
0947947475
9468420407
6129911454
4243074032
9806647167
1387661014
8093969061
7254125147
7980691623
8011598874
3750681668
2360775763
7647055380
4512247707
8008595136
0402499863
7699220822
0635086675
5382849687
4339300893
9842715481
1690834650
0731325813
4561268539
1352781935
4564110474
7483981804
3941393026
0820958229
0452952541
2666704709
5525474909
7567095126
3015621981
8867372286
0015008149
4059242904
9022427825
1543742673
5931355522
5344226557
8010414441
4677185545
5392075949
4179461698
7990286915
7978914519
7840648600
1576414707
5308992969
6382591959
1881176711
8564107835
5059086251
8876925926
9398214328
8419641388
0436739628
1414548145
4304851883
2145005643
0345946056
3737323327
0959944660
5372451124
5278559565
8209921870
9361217804
2978259341
6206865783
0562545866
8735505674
8268686668
1475383460
5869159480
6270699510
4128676120
6313352094
5657890827
0950155103
8698519607
7113729924
3332588127
8838238089
2327513043
9841943618
6945137550
8534707731
3389345993
5366731775
4923453733
3085407873
5583642660
4782053508
1800694393
4670626475
9154831757
8436352993
6127366461
7473123491
0851591722
6156873620
9397999878
4036837342
4488198468
2693722002
7803670009
7325456598
1456813402
0694648400
4902949146
7641549056
6360062809
7714010043
8951517465
5627569989
3404615115
2507145769
4285869359
7524337637
4191736464
0833354536
7401606743
5737856098
7237323260
3431016425
1732491312
1351829068
4122002097
7199143874
1499562463
0979689545
6618983784
7727119351
9365027274
8266123030
6629796836
5889074901
7249138135
8429553101
3850593383
7933502607
4470310147
0884445183
2054125992
6468020750
8282088450
3153399174
5658970146
8861107967
5370796223
0699662011
0937962576
6908093347
3323030555
4184041536
4657010718
3173155547
6044902009
1300950458
1409767073
1320647682
1009894399
0234874422
3275951198
3231124027
8630539774
1973562939
2329410488
5328794312
5796328591
0639093678
8350630120
8007699451
6088205130
1898775683
0200646055
4910046521
6584747678
4368126073
7213351001
1867370405
2977816700
8811414232
7789400870
7230186216
7653866871
7588137927
9155991284
9738766665
0720595675
2558562277
7879765163
1505169182
2723876173
0048086982
4374544591
3621244347
6427046240
9941699705
1206374593
6326480640
2076515151
7048870281
8324974384
2827185583
6643851954
2762436951
0468470649
5685508083
8146399149
7727319610
0037020157
9491481122
6114075050
6380596306
3370659849
5845887933
1204663678
8139099964
3851270904
1015447213
6985033856
4292614571
1227586829
0617172580
2712946425
4314893477
7164258259
1438131027
9802184580
4956414336
8303253342
7658393502
3564243893
8416338590
3550353668
5999965695
0906017768
5686883554
6512011895
6042142957
0736424825
0532123588
9269248847
8613035381
4007934897
4297240980
4576292157
3965036299
3011892975
0040068628
9475220562
5035088291
5329680337
8111152794
1565189138
1032094237
7212019966
8319304169
4381088204
2203958613
8009802971
1062069496
7862764596
8844137848
5116917660
5156653956
3960288385
4500469031
7593487209
3155843358
2595258423
5006162973
9537631114
4273790776
1246898087
0364903603
8482067494
1867471777
4364884943
6889707183
5914488594
4068510638
0816364367
9545906167
0066549570
8817658550
2440480295
4915282459
4848884240
7839401528
2258380770
4561132604
4055213662
7976926441
1980877076
9589075546
6082761206
6221812373
4663674978
3175218013
7421579923
4290981597
5924305434
2149060703
5145141679
1263570913
2952020933
5371123314
0544519695
9057847919
5902985386
9974511858
9232099134
8637866628
8554416558
2588966285
2749482510
8922914497
1454372496
9608461097
5070895023
5377991940
0011700164
6488040757
2733537509
1207578205
1960740651
3911798743
5456424397
5498896266
8520024008
0732539296
2798900122
8171873325
8886722880
5086819420
8864834198
2574179274
8956910967
7561004053
5793098561
9441072003
4930476881
4163517983
7079787411
6925697655
3936704819
8095792272
3090906858
3375237616
1621322312
2180921789
5908476964
8564193008
7642244058
3057384586
9466065774
6315657388
8788935541
4105750932
5648199392
5659391176
6122307951
9068476053
0426335871
9961248283
6098321928
9401340622
0539829279
0851815718
8053786308
3120220146
2395250017
9968715600
2989307199
2966743271
3381596316
1335497418
3757809561
7973682062
3319244887
8455395931
7448310667
8049064257
9461656557
9496818298
7140866463
4339177194
6951873301
8328006628
4579603374
4216025049
7537862370
9115635846
2885830978
7482705243
7429043535
6459395979
2404923321
4564819453
4593275529
2045358171
2685680705
7324183577
5862076551
1460852744
4003895943
1736801463
5780423630
7690961733
8241938706
2100825966
1041804408
7328068748
0924177173
6613264721
2472278996
8051781171
5661169860
4210816179
5704352041
7755154340
9604504354
4315637864
7104302294
6249305143
8495823759
5454260569
5261996885
5997942187
2039723153
1304061468
6728532064
4276119486
9368092531
7105058157
6126345972
0742815740
7319623460
5830118388
7796115740
3586156056
2181051942
3964188507
4521198693
7923791263
0600279497
9195654984
7709848234
4126156552
2244680653
7654184759
7762309443
7227957416
3937751004
6566780332
1335975717
9067749412
8384480960
4273495155
7423045102
4852486625
5751043069
8514410102
8541505285
9071423923
7354286025
8065787004
6956787365
2119942645
4038648256
2442450146
5929400782
7284940570
8839368618
6149910276
2880651618
0299681171
2530952341
8402183300
1564819188
3940177488
6820218331
3393315516
0036334755
7745883635
9082754230
7442019689
2981612236
6323490649
3834307180
4588158044
9623547091
9026020190
4538354132
2310033014
6763701955
5199347958
0408618816
3700128627
4812805158
9943108726
2172136013
9054971723
8452751539
5384966966
6588692283
4829122181
7088430273
1656629936
9945988842
1922882302
1234260275
6088035266
2783889059
6226943790
7483009859
1985951891
5417578212
5798468254
1180556002
5339603705
2448231139
6622403128
7244669948
9342070378
8236755988
1815837271
0851911251
9559618091
4483022390
2068102662
5167335474
2277228057
3324778385
6895863272
5817888208
3725432621
6382951048
1101394783
8033917097
3776169286
4633740396
8226533106
5711498955
1163549918
5738375404
4661990472
4547157336
3863164494
1245606049
9455873754
2815482030
8365359336
3657043537
6804211029
6064096271
8447684807
9526654359
0297585363
7596911252
7894897965
3071717586
8224911407
7281589495
2950073048
5604422753
5555704827
5091838555
7492982031
0106780866
4343290093
7219149615
1405259261
5144926038
4023612650
6420837689
8739920619
8019043802
9566068267
1513080336
1628385493
1970733736
8293077490
0743977023
9629181912
8890395679
0679323823
0026507438
4569083743
5189738766
3081389622
8392952010
6946176869
7880452146
1321079464
7123007366
0005197592
1191847432
5358522625
3656770672
6927897542
8233006232
0917842406
8757456143
8840161216
1980934318
5202935457
8173452371
9693224843
0050723001
7246146949
5386846429
5237292431
7631599221
2433814478
1004147514
5559769385
5555007016
7379828371
1151861363
0071176251
4306942618
2752301741
5173587686
7299580623
4593171334
1133613398
3615884763
7277070324
6870701395
4511046223
5352393792
7947982659
2582175508
6772967189
6454859788
3566964665
5496882680
9606969344
6054624524
1127208665
5463835920
5524250042
6297423999
3823744494
2898473976
4258417031
6741429266
9850674606
3800127562
8645582476
5524412207
2284502106
5888806440
7650265829
1627360442
6582433955
0129349927
7219455902
3326471651
9554913529
5604293476
3947661811
4590271466
3991974337
1007747819
8809063315
3596022561
7266059154
0502614957
7209431588
6132462294
9427210874
1630558596
0402004487
3378296325
8575234434
0246943724
0376278504
8643377317
8666971705
8740123528
4337239316
6451559245
7827668890
6060725609
5009178996
3691322282
8689049965
5754888258
9521544513
3788024141
3359436631
2107010211
3997008695
2464839288
6520071619
2033728364
6949679920
0314773495
6667507317
0523083758
1376995720
5882252995
5056034255
5185731478
8900016201
9100257336
4620387494
6183582197
4362042369
8092640151
3181169284
7889266875
8051183341
5432018832
5393544335
7137572841
8695045606
5662105669
7731076042
9050933473
7182892545
3386633857
4578737276
6420352324
2502875570
6097520125
7876295028
6403327531
4631042203
0763635610
1283038998
1928639687
7800580510
0674132340
5438904659
6741859161
9842403779
6707492026
4733145645
9363161720
1851466931
3500867968
2741981475
1231957941
4122266403
5078886841
6724602377
4716954125
2708435029
4816325836
6738270486
3741148556
5788399716
7969139340
3508994212
5237916530
8171630194
2518383451
5360021484
8124059554
7457622418
8160756777
5200463112
3854282502
4622045086
9068476502
1852321418
4472394998
6260710893
3487334613
9933585180
6333367885
0654428592
7718725893
4075770847
5299838616
2062307294
0301640888
0629896718
1044157791
9472528897
1024155751
7225623819
9786128451
5878914732
2422768776
0224371880
6253462588
6879813380
2316697092
8055497411
5580052037
5084689499
8409249732
7203209600
2585685881
5542410530
5429318173
9126833811
5931534934
1050414311
3974933101
7672632565
7241506398
1304385646
6326066675
1763886460
5825440093
8456129818
4142192269
1020646630
4789161183
6829443213
4502105682
3769126082
5323233639
4153695809
4391714898
5679369264
8221205483
2055099762
9218058585
5934112922
3321473111
0643060834
3820153803
0421334692
4246945173
2957928597
2631149925
6124399712
6243529164
9234961226
2466868158
7654900855
0551228011
9643363680
7701883368
3961270368
0522928342
4821179768
1872388594
2522269304
3183910242
8438392799
9806456650
7011141297
0980896337
7870137437
4687256842
2734659707
1357699374
8244030219
0815850152
8618128313
6579245046
3410645581
2374672254
2229964861
9116739104
1171529612
0965981417
0917472474
9676465351
9066662109
1120739819
3794493509
2738863779
4544789811
3659111760
3072354762
5893243976
5248904094
5287172015
5206845641
7150297325
7967117349
9797356105
1649261897
6364093418
0110070146
8360668927
9077482127
3173327450
1859877874
6620001060
7938101378
9940885703
6157745257
9848405113
9184597692
3662347265
6309059488
5802163557
4196277954
0575211429
8528972009
0408053074
0894398548
6272758832
6182949243
9095774552
2035023034
9661487870
9965834277
7242912255
8464203255
6464688078
6725008343
7450948821
7398178609
8655594209
8991875043
0407299027
7031614090
3738859128
7845268054
9312562696
6356205453
3289719836
2621127110
9922887491
1796451368
2656725905
2181725028
1094888084
1130535891
3542408092
4655971954
6069447965
7420184707
4068697659
0058009915
9257936020
6833392489
9608265138
4437359520
6475814396
4794488434
1506194208
0680709832
7488002988
0121671026
4365664138
4590840761
0641449468
2024523885
9720032906
4938323253
1422376552
2564224371
7539217820
0836793582
4123074104
6488117967
3674095222
8169046915
8245732676
5931988866
0587506111
2691087616
5703422215
8891528455
6122046877
4959409598
2732618208
0015620560
9182234644
7832822250
3052526859
7635419995
9709570424
0958837248
9840734596
5590456046
3467586145
8228409400
2471041072
2062519075
0088110500
6733643787
4154436271
6248674960
1439717323
3371819551
2730317444
0871958268
3132178957
0218882343
1986030272
5434381321
0676391179
4348784314
2016599400
0057838092
3461397433
1594382097
7258139475
2480034567
3511527679
4411158072
5428730672
1533609442
3432772986
9745015404
3446202469
7257865181
1197190142
7489648721
6414147406
7349604004
4977867254
2882839633
7359291256
9120794582
0265857142
4634815202
4671818402
2361188770
2324656156
9535542209
7630548083
3693447040
2295557501
8839493564
8619604528
8287088243
4910929088
8130798541
9963244541
1968817900
2616790726
4764371328
2025433869
5671187949
7225292468
5498318611
4404933837
1360541348
4046627021
8481892261
9608775749
5833178571
6305344756
7508377635
8850204844
6063824121
8971986199
2175794649
1916416134
0957870039
0394231113
3377969810
6047313000
5951566587
1963931645
9998256059
2251584251
5199097165
6347439983
2423609087
7109563921
6856627096
6474620639
7488993805
5065202754
6130818379
5742468183
7200671150
6742904841
3595016754
6044488734
2634089886
5207243177
0431367157
2692796041
6680253312
1925351234
7770191614
5893946910
4148608879
3007513110
8546011679
0999056349
4935986760
5706174480
3993406652
5355505225
0858399623
9949117019
4561066121
7214436920
0936505473
7421326502
0848689679
9436085859
8684243873
5246099652
1142728998
5570446714
7642725985
5545818844
0714871505
2474966361
5824838902
3897269403
0203306832
1455291775
7421647687
4965658532
9275141013
2389062915
1920245884
5592426170
1459010182
0735064480
2637050302
1288759011
3950618230
3601055418
0690074383
9634563934
0421516307
2191552108
9828362742
6535110965
0852249493
4389103505
8267711995
4864957324
0659661413
7910970629
7188055909
7577489844
8839272839
2119080068
1104978493
0660788788
5279764981
1011232251
7585141637
3098926017
7029578557
8291980189
2990880919
2979744054
7333435924
1226105108
1185463735
3853048524
9667199211
0579782466
4388070743
6907585810
8373141608
8423270737
3793809927
4372891160
2000454836
9414535236
0407100525
4596513939
2963382154
2387832245
1418458642
8369329810
4079946846
5293543814
8666043638
9294442091
4161553788
3128053447
5328691596
3742015606
6500463773
1513675611
6953115229
4973215314
6993170017
7887279224
9118418099
1879067594
6247233281
8710798665
4417792856
1197294160
2992942430
0805087232
0362544711
6968925185
2450176722
2916946924
3800008909
9478478348
9135037559
0624580606
0018637019
8392816436
2743170489
4132582969
5367253212
3088868316
5488159436
5101297203
4712416239
0768309149
4378906308
1468060252
8115421090
8432414126
4183044205
8633184761
3759959370
6568784323
2947672651
3259425603
5189402477
8892608114
6241688582
6379996519
5379029660
2060312009
2201204705
4351534754
2844959137
4174837293
3383021780
4010133541
9538037374
0811847142
8800779746
9418421683
3125581717
0531092290
2441043705
0361780691
0372421880
5103773527
5417167025
9232507809
2049826420
8950393921
5769161474
4924241720
9547986709
4118056681
0375444684
7046097788
1895953836
5704499955
8558366273
2143433826
0591358557
0769460244
4012781756
5040038803
5967992881
9520742893
0219429365
8990203941
4948870491
4009328541
3668708192
2052168791
1962599820
5322122344
1166948728
9873046587
2413605362
5476682155
6927637551
2404621472
3896688744
2070351240
2326193989
4130115777
2912204403
0420413139
9944283408
2245048154
3691416542
0657668668
3575540400
4905226134
9572472772
8940483670
6593468153
2592540111
8988060359
8871494357
4561316274
4919300078
5837929188
2683047537
1247064111
7971574875
5122799713
0975264097
3076854291
5387523158
3634680447
3643569655
5506847154
4232161459
1579893145
6672273844
0095309057
8976559144
6223581484
0749678679
3612348024
3783004860
6978688700
7534027761
2542432890
2571375857
3214376941
8183926861
2376102570
0827407504
6036621542
6104746779
0607757570
6569027637
7426431104
7549158362
4229526044
3786513836
4405913560
1864326772
3169348648
1846308482
4997094402
9121742534
6909830015
0239578403
8302714205
5030510956
8496295819
6416184625
4796854301
2729698137
1776088510
7982610536
3746486555
1769120042
7753219197
4495096580
8319947434
7715004584
4785032098
1256764088
5771225648
1220989105
5574196102
1491762140
8343266092
1990608982
8376817246
1789364404
2220434546
1379557856
6776460956
1440715020
4480768331
8329996381
2942142615
0555479717
9525540452
7143482166
3960822222
5286641423
4582650250
7379792766
5415325564
9019633849
9297197618
8304758818
8183146465
2730857089
7059706104
7338804162
3886932671
6374155198
7481055248
2062580185
0766343170
3536291462
9861502237
7436416238
2968068956
6083769233
7743466516
3069647862
3214009055
2932193372
3647853278
7296968658
3605327627
4226064767
9442904507
6527726527
3910056352
2047234219
7137187613
5875558254
1429300987
6778040322
2191394848
0291628935
8340426959
8722763761
7808183945
4969619396
2906565776
3988112349
1709485394
2749620044
3279765211
0413063881
2416759013
8059967347
2288533339
8590845697
7512125333
7001579869
9309359490
1038014002
2311714067
5782553228
3219371073
4127433487
1025445157
6815429788
5227872124
9936459655
2180840390
7081239103
9142455031
5410717429
5639730434
4206050299
4951078603
6883544960
1049791572
6659114790
6498225347
4205695892
5393083125
4320556769
6132559962
4999810810
7062401691
1700018870
0000328269
0261524267
7859503774
5656445849
1514944571
2180744732
5465591819
0804815661
2765239669
4476100436
9781318331
7330830254
0667006565
9989390954
2962058184
1985520177
9780879725
4906295779
2905020496
9811982783
2845927994
6502565927
2460181444
0236102071
7114323381
1195993337
5606181749
5140900863
9389104813
4470139384
1645437340
0999651067
2507690582
8616653757
1270820456
4758035969
4622557663
8227971241
7948311480
4637948640
3828758392
0847355654
8508029693
5681553944
4410977924
0584214780
0904215104
5586261821
1644346406
7832661495
6717428371
6592634693
4385109448
1114649381
1977540425
4586136598
8977136488
4853461589
6030584952
4367623472
7335251645
3399186508
9763405364
7754623279
1394578235
0680935834
8346722953
7439719221
7079199217
9958817608
0576593658
6063694806
0065185530
5447046381
6757258111
2383702540
5252749782
6604199926
3158319769
1762653612
0743519675
7413618387
9309058735
8246780448
7730995728
5028393083
0236200505
6303350055
9016623016
0415305326
9370957446
2617735464
4401072906
6576568958
5682153023
4625539338
6926584030
2660163066
9206618167
6573658308
9921980481
4139079333
1014186501
9958287277
3121470783
3314386278
9230345945
0779109777
0019159344
5949246773
4683239358
7448582980
2321578065
8340876640
2530219990
9035299511
9398499761
1735685586
3762543766
2265971067
1614785392
2069836308
8947429985
5459542110
0965545732
8855788276
9324941001
5739624218
1697477995
7583562989
6330563714
0138145025
4961086667
7811155158
8013895594
6750209399
7266182932
0120308746
5732107735
9449044948
1573105640
4419384525
1371491633
2553850232
1156953523
6327773334
5322939047
1251858853
9389605238
7954010958
4244086485
9438389500
8345728097
0772662528
6613392095
7267376018
2460937615
1311488768
1740097856
4131175083
6120948914
0604085074
0440197746
6109156580
7952373468
3286736942
1993437715
5200320232
6630486260
3765842433
9930988141
2029417706
9198440186
9627332801
2451313672
8869128796
4904228163
5739143001
8419555651
1239662320
1692688691
3665789430
8109310072
9196338157
4492724779
8452867360
8310943151
3964303387
6368986296
9728109365
8117387353
1074208788
4590728925
2649555175
1451933398
6770322514
8635849598
1335956929
5587951458
9673901932
7433482448
5358172759
6134364116
7251546927
2306371520
5626553767
7098322703
2580564975
3775022652
4281354520
7497879616
3560546761
4278943281
6596769726
6478981047
7207277825
3167302655
2501224461
2306776824
8952683951
7106001331
7841659977
6975253998
0252223322
5987186683
1146983089
2249224732
7898259321
4763089270
6013869519
7866460034
4851878532
3336968568
6962606691
7598600852
4599670706
6475109636
3019795239
7811030635
0501946760
4183497139
9668889447
5684635158
3677703976
0791899756
8929715208
4245950510
7838876471
7521149147
0913398666
5273045646
3497647792
3177576657
8911347702
9345899377
9901665981
2620285555
7666001681
7952105613
8019149204
1469399322
7909608806
0610440012
9445871891
7977506781
6610976770
6187346862
8860060557
6769508243
3323250224
3421469337
3487201826
2847706315
3094429407
0888513509
9783794920
6968356485
7990816625
7598057961
7760429485
2717304814
6511103021
1902227514
0445831897
5407555060
9212185816
6209907340
1672330388
7886674653
5379813727
3115270874
2617280455
8900444333
6343099296
5362553026
7717118923
1618235740
1518923716
0298729488
0817958441
4315350992
9867332012
7575896757
3727643326
5527293994
0301538412
5139379677
9525637868
1549171493
8142588908
2946462583
0800036551
4128871371
8001558556
7152500109
4376583657
8097310452
5508946210
2529703600
5267604529
8379910470
1315467402
1520431858
1230861099
8827671917
5419737246
3417925185
3261231979
2990995343
6133744190
0591930358
0857660364
4183580897
7362100826
5318935652
3745348253
4266962489
0816147024
7588102645
5122566147
8538960168
0720952662
3852421825
8754598211
7747222714
7315205951
0014482310
9726684689
9183725677
4963231439
6668161221
5290605582
9818214776
8816393868
5538625816
9505882598
9455346160
0767650215
7479752705
9703218153
3560406421
2204035419
7730564908
5525753886
7857360317
1547488392
4805794433
3253931760
4208876563
1843563238
4957659803
8199593494
9473181027
7377073478
5139296881
4624616944
0868532774
1478564470
1332282480
3367141202
1509400013
2401411571
6713535561
9234737102
7626372427
0070146526
6896316221
6846692465
9554636294
5080076864
2390755950
0421094423
3630441965
8539204523
9492337857
9489957121
4119935538
4714675078
7929255293
4506028379
7757451802
0851029153
7356174144
6418510435
4002681292
2046244168
5831633109
9657415902
4587092333
3418381250
6121480812
4000563384
6250048221
4368028520
7577804184
3152395095
3225240060
7144652110
5660081540
7978615361
6374991859
5962315454
4836200812
0914271338
9147357819
0876036160
2252968696
7878139373
3516818932
0195483665
7128505373
5148264278
0039404495
4363955361
4676204625
1341136458
2418276460
8973642035
3968075502
4587849493
2477006267
1681029354
5933484600
4867940831
2532118431
2838759963
6870120010
2913617712
6126467236
6887844488
3203727356
2780436575
0692964855
7951093868
3836499461
8678857587
5553889885
9379382283
8336895102
8091608247
9005203961
2154920290
8449963562
8466620917
1304768111
7269212576
3609755129
1520471069
2729812147
7275488512
8631750294
4031567227
0842503755
0517010486
4900446896
8300182871
0242479568
9082453247
4949504307
4152066713
7701686238
6821650753
1627121704
5491892812
1913740506
3651701185
4123413886
5618450134
0344519776
6416955654
9741878625
1680420017
7889506039
1422165324
9860210251
9606427756
3708183688
8022226603
1130411582
7902667748
5578413056
5338471609
7707218533
2058655882
2610679403
3141889090
9969139451
2216361604
5648982544
3968179997
3580891937
5152252275
1635219502
6693613228
7148914742
9558611789
1367003930
9761088793
9852762775
0071995739
2729359638
9258399571
1601137931
3969111988
7583408050
1550450035
0319899868
1830206871
8772120783
6043640179
4160432045
7208652453
2927291888
1809199277
0793938716
9478767291
4182719484
4510609433
2993363454
7276426208
3275795833
6590723600
4374790015
5657106653
3330671175
8578773498
0771075743
7438737187
8482472176
0421204733
7588612710
6230162533
9348793873
1252961226
4955499969
5063809120
0175155137
3164097367
9844091621
9790995323
2980558589
7676349336
4111180308
0548972118
7732614118
1012880758
6482305736
6312521827
0895523227
4883982658
4258967305
6980557381
3123594702
8932654300
9103760338
4333143556
0822081563
3150337385
4346809158
5991428702
4125134912
6935402839
3571001534
4432566658
1656165156
1321701448
4299159163
9816029385
4714090621
1859614743
7901250623
1670670741
6482954655
5024836900
6252875658
6423427180
1889784296
2653452582
1588366513
8756059753
2883404747
7267706714
3741017756
7873405335
6646272498
9251260452
8089197067
9544345218
9155886392
2367750524
0871191075
3526214563
9491066788
2671411826
5567703407
0231251418
7250153803
3378032006
7644125774
4483730345
1413192627
2509065330
1646842681
1378945389
8872794517
9762199585
3805612652
5862534788
6220274038
0869389183
7264723497
0258723981
7150665567
4772353894
8478275048
7181235717
4824668386
9069690273
5636230766
8512389571
9855290332
7379797849
2757316353
3815991824
0561034393
1246791832
7199680380
8867335304
3767264411
1857261479
4568926627
0414913580
0534760102
6496999611
1067391460
2306309835
1964904260
8736750437
9042823084
5870031901
4632958054
9223981678
1468965593
2583456317
4090387665
7794731952
1946207874
5227345989
7123423636
2691735703
8603913617
0211015259
8766406429
0391691484
3563803700
2866881822
3254401581
7961932686
1767482725
0272359283
3112871148
1343516999
1007549937
6070776354
4422193954
2444056820
8420573165
3009339358
3501532720
9591038915
1499881557
0826025728
4958220734
1519509451
3057581358
6597172363
9947892671
7893565386
9760996255
3882233761
5079872631
0805695751
5879309112
4255609931
9123856992
0131983526
7343071241
0606418483
1968926997
5725559714
9372255709
9131986083
1885428166
3798625536
9786535097
7765092346
2283988045
4070486473
9475292619
1938642869
6358812979
0969110545
2294505529
7772939815
2179014690
6760056210
5406508114
7911342823
2155516577
7928993380
3763984866
8483291460
4358444719
2568427810
8700617440
4389792281
3998371239
4984902187
6213590650
7061669360
6452651010
3416700484
9013027600
2475179555
3936604028
6796218780
0780097117
4030229833
4818793659
9115670432
3662137592
2255149867
4954354748
7911934435
3908538677
1916164744
6507244595
3668397143
1140600757
0762092055
2964678263
2414451189
4095300912
1020337814
7632361722
5218378052
9894514883
8814664414
0095563545
7792018037
3108236169
6526071234
2643829885
3488301469
3560177201
4885092202
0444519322
4954411189
8196253503
9366875416
2901980197
4233526905
5567099550
4731988784
1562329753
6965157192
0562977850
2124205095
5345668343
0849385972
5439186110
6743087222
9938065852
4499296660
1856196762
4681422130
3091677397
2327773529
2011538347
8254941790
3767841244
1821460834
2711972176
8032461451
7232790699
8021077940
7710795533
5948802511
9026232598
0658751929
5694188979
7543307150
3288926840
5360870028
7900618417
7075756370
0127824361
4294270222
0155895370
4852952577
4497301965
3044992399
9052393816
4700794939
8591423346
7135469174
1606420515
6142481768
6237132008
8969369270
6607760386
9946169749
6923311398
1733557810
2105325298
9320561718
1228714098
1219756179
5238265681
3133081974
8706600861
5942418084
9124330984
1106584382
4615311289
7265081271
7270700258
5259718673
7940676388
9009200896
3328147416
2848028839
3976858408
1878301674
5796098603
2081354217
5706905513
0898001588
3031766506
8854980067
8980076197
4083788622
3292436807
6798914419
3371983840
9370327909
8409921164
6761421792
8024132600
4016879839
2803137399
7519685202
5333551882
9743031214
3473665187
6490971303
5602823494
4018499210
3245773485
6997797063
5286297747
3449120819
6712758706
7611333253
1929173388
7615064283
1540504805
0152876514
6588752373
6332259720
1984919390
7929156189
3355184592
7745736576
8065405198
9511055038
3311085506
1369479167
6203669477
6558152673
7390286041
2104019900
7055875432
1601411256
9487873951
1808676639
5886109872
4683421878
6265595166
0701425967
9825689762
9691059836
0488910879
5220051728
3753216909
9792403724
0643368245
7664651818
1491702736
0468198633
9732953610
6613770006
7587933234
7509636401
0837309591
1434684926
1185643767
4780081513
0685468220
1045872492
7769818409
5032608866
7467627297
3893655770
4438588587
0615666297
5924126488
8382802783
7637763729
1250621274
2095929030
8729321261
4782078466
2113895141
6828419553
2493811283
6870794406
7112827209
4233444073
2708583291
7414276339
1373120982
0063554893
6883184045
8635969836
3340874122
0128980377
5522726226
2883646519
3470871902
5667485394
2090263418
3628992469
5246486842
9395130284
9867321131
2887641682
2595201169
6630078876
3741102550
3462110951
3321093585
5563147719
5578232177
8026842020
3656310096
2980191780
8606463392
4822007944
6214873032
9683521168
8748022289
4637369871
2754457895
3040345757
9256479818
0306276892
3392558516
1613819909
0821586068
2218302132
3280986503
9824904722
7315443431
7487738992
7607584539
7063047195
0114527305
5244918764
5503011499
6028473434
6256213573
8499818279
3833497116
2980018514
2676518716
2450943911
9711606647
0947644077
2928032221
1482643926
4453263328
7254009961
1773371819
5472403606
7340170753
6630450626
3752284843
7314137105
7921510918
1617875223
5768431027
2510328711
1239131305
1424682644
3457005498
3791625452
9350457428
6802023619
0368454897
1802280315
4553753239
2015375522
8208070806
8958439260
6933745712
6505687796
8764509919
6245636771
5661261019
2910206383
1171626860
8337654755
4483686586
4840958274
7842990195
4401282478
5146203094
3169060407
7395922445
2128275918
0427719404
1204325121
6680032189
3067249781
8978692154
5919175805
0502179671
7061492861
2213706743
4829156828
1821600047
1040484351
8914915304
8195098209
1657553960
0882358545
4323792089
0620327394
4911469253
1045535208
0267460294
9245694776
9204032687
2781343359
5624543956
4485579485
9591529947
0239549035
6716099401
4455491113
2813042016
3249548739
0072509920
4635449168
6962942947
5220648855
9579060356
2089719240
2008321518
1661732018
9767466508
6408695026
5539465212
1212650274
3242413488
7452269051
8307534489
1855795352
4452442852
8432759521
3697673460
9097291751
2661324778
1909298876
0722746375
9566615137
9802600876
5405699899
5927463393
2925952359
4127409370
4899847765
2392114968
1971870707
3991968416
7220569713
6852815638
3821157697
0048304055
9575480025
7499140702
8319735546
9990273811
3184285695
4191751751
9050342754
2162980390
2783778840
3949085298
2796862425
2539285764
2595257518
3389297777
8783990929
9200546573
9304678050
2697316716
0100020058
9441890427
4929480271
8291583465
1573955884
9183109740
5060837262
7763573729
0488929485
8242398305
6328519507
8981909339
4448089634
6838429880
8672973915
8645238035
7526927239
3124276125
3632896603
2714179613
3841015342
0606694414
0555632401
8580771843
3640345757
4227772702
1313263413
1907286244
0948232467
3705077985
5102442986
9491313862
4435265663
6013711577
5065154676
3298601086
4418538611
2371614866
2332075589
6933550552
4851568127
8267564408
0497236836
0944946197
1057950430
0233419555
6398528895
1473329040
9563902646
5682580904
7491045772
0451865303
7414893435
7416267174
0243966018